1000252731163103232
1000720333169541123
100099030
1001318029110603776
100175420
1001767786241241089
1002031597728686081
1002588768224677888
1002804371594153985
1003011373
1003107003693137921
1003337013028847617
100379603
1004241040012787712
100441455
1004630937571692545
1005705149191356416
1005846500583321601
100586457
1005889483793842176
1006197012893593600
1007341946849939456
100735856
100778931
100834108
1008683014736437248
1008777154232926208
1008908794976354304
100893350
1009225230
1009439858819883009
1009577803304656896
10103932
1011970623470489601
1012921263990321152
1013213253671968768
1013740130274705409
1013909234
1013978869953716224
1014471097314496514
1014735105984626688
1014909367
1015021261569732608
1015242656388009984
1015431767107383297
1015705215566110725
1016502509655986177
1017418576519712768
101747599
1017483697992261632
101816065
1018345691041619968
1018414309485842432
1018419537635504128
1018433287348338688
1018975265970458624
101916012
101936854
1020186973426855936
1020209257252311040
1020600450385522688
1020883172161011713
1021386456961626112
1021982574464442376
1022158520521764865
1022704137178206208
1024248209403609088
1024645646144299009
102486658
1024872801847541760
1025652156345405440
1026387287674740737
1026739815180460032
1027058847691624449
1027437506
1027919295135862786
1028061549196468226
102853374
1028913379555983361
102911418
1029375559296528384
102977400
1029924360449089540
1033676229553975296
1033752295186489346
1033806326
103577724
103643202
1036455740913811458
1037318191809159168
1037335803846909960
103793108
1038060433448427520
1038359400849629184
1038780499051741184
1039384710
103965006
1039844473038036992
1040243296428208128
1040856042500812800
1041102057372041216
1041346334576398336
1041613653064048640
1041669775812784129
104173355
1042791692162617345
104335062
1044303813841211396
1045110787
1045440310367715329
1046093777159372800
1046183229588365313
1046210632507260928
1046762546550591488
104683169
1046927456731574272
1047213476312240129
1047275783859855360
1047279525363679232
1047469951718547456
1047725421968556033
1047853905449644032
1048019725580562433
1048072840564465664
1048194986267750400
1048219267617812480
1048624989300305921
1050556421358510086
1051045744340164609
105114043
1051745774080483328
1053092742237163521
105346559
1053808023775444992
1054147979869732864
1054197566609342466
1054285061854543872
1055297624973238273
1055558419
1055649057266257920
1057462702954635264
1057476979
1057520332947537920
1058024154195144704
105857211
1058747838522253312
105986416
1060176164512120832
1060364604620951552
1060953269768458241
1061764640500314112
1062570530383917056
1062966855172640769
106299546
1063302668
1063603787800158211
1063933195484246016
1064099721944449024
1064579511952465920
1064759866881802240
10648272
106498703
1065123043746304000
1065473240531779584
1066132843250647041
1066267210501378048
1066666586638041088
1066768423324024832
1068252670085992448
1068614606439022592
106900319
1069135140394127360
1069230864465190919
106963145
1069738488
106975664
106986777
1069965628864368641
1070236813321691136
1070817655819395072
1070894723877920768
1071305834586664961
10713562
1071357008958251008
1071434788706279424
1071562725602586624
1072109417200414720
1072205116797726720
1072845746351693829
1073094502187859971
1073149165583007749
107361252
1074019275164258304
1074106513759690752
1074161406948331521
107430293
1074633846384021504
1075082261295452160
1075137152017526785
1075569428639604736
1076104049965973504
107633421
1076802732
1077027563296350209
1077136614235750400
1077369099397857282
1077860218548047872
1077965934256517120
1078083720446242816
1078496577562365954
1079553207708176384
1079764836676816902
1079800379511066624
1080013678215417857
1080019892441571328
108018525
1080367448879190018
1080510838148980737
1080644029623218176
1081220373235023872
1081865251245572096
1082494343129284609
1083068849526697984
1083510941319393280
1083581318896574464
1083934988129558528
1083955171929903104
1084025018391109632
1084124886300266496
1084484274487578624
1085047318447976448
108540756
1087405390617366528
1087606865637195776
1087749776945307648
1088022120993619968
1088462977030750208
1088690165126549504
1089690828535001088
1090478596186169344
1090775205423841285
1092082057923182594
1092082885962665984
1092558178120798208
1092689159230128129
109289019
1092928979210829827
1093090866
1093908253451276288
1094301709021503489
1094457032336334848
1095015000630935552
1095089718264512514
1095368294910054400
1095406446001369088
1095418610
109567181
1095865773279461376
1096436874342739969
1096614421101793280
1096968929094684672
1097044964972752896
109776377
1099806683474194432
1099816549794308096
1100020950060298241
110079352
1100934803510112256
1100950803508944896
1100963301884801026
1101206505557237760
1102728655099346944
1102947948281778176
1103249485176569856
1103324214512087040
1103982038300819456
1104066851544293376
1104351315143024647
1104577709374607360
1105432717108408320
1105575583948247040
1105857295429177351
1106036355656638464
1106736132853661696
1107234427111772162
1108373237069570049
1108729262520131585
1108984988349849603
1109343841767833600
1110014761549205504
1110180358987739136
1110508388297826304
1110681306176741377
1110763975644336128
1111033085397622784
1111569782606688256
1111692822921519104
1112067972
1113303277725057024
11133582
1113654531949191169
1113824315537907714
1114901306421010433
1115498668709142528
1115860753
1116358961718935553
1116760721725870080
1116907247458607104
1117505592568897536
1117589033176240128
1118201489510391808
111884582
1120052188502351872
1120107604842147840
1121226902587490306
1121382245716066317
112211374
1122789352046620672
1123273773975769096
1123860236014637057
1123972323479097344
1124929614265094144
1125103881426313217
1125106578070200320
112526560
1125315200033230848
1125739565107441664
1126461256024481792
1126520173224005632
1126766132088565761
1126815507909357568
1126842134332678144
1127000751362854913
1127048210764025857
1127120544275374080
1127152599713685504
1127222939160666112
1127394329943789570
1127904803038777345
1127971799138914304
1128122520664772609
1128160806737256448
1128527689604841472
1128952543407742976
1129001323356024832
1129388863
1129451838674096128
11302532
1130525218286362624
1130525886464307202
1131740206913089536
1131779886580928512
1131940696846286849
1132338608382173184
1132495253892608000
1132558140484931584
1132742303599058944
1132991802108047360
1133387375860748290
1133667734288568320
1134408106253856768
113446957
1134542822294638592
1134599225818279939
1134611789063303169
1134619732231909376
1134636745239085056
1134661047841726465
1134731733985681408
1134761698680852480
1134824998055624705
1135189704100343810
1135204643582095361
1135506140471615489
1135520689840984064
1135595861730308096
1135826615680753664
1135985671879835649
1136284668288831489
113657704
1136817765371797504
1136856886609711105
1137076501768130560
1137318091531046915
1137404841381097472
1137966409449758720
1137970500221558784
1138013299453321217
1138218106432737280
1138653153480437760
1138770825220427776
1138783094532595712
1138886434478182401
1138903191225946112
1139379365832093697
1139519181869555712
1139552839427137536
1139728875515105280
1139788477807988737
1140002389
1140152347412144129
1140214041354412032
1140545617745211392
1140581372483887105
1140753106092752896
1140948406581383168
1141002407133925382
1141143734706245638
1141957033203081217
1141997907580739584
1142241708677259264
1142760194281234432
1143317179942809600
1143340239697502208
1143646288967114752
1143667605531549696
1143762635810193408
1143985715283259392
1145212304
1146434502740172800
1146624152914268162
114679834
1147064965880111104
1147117747895066624
1147118024769642496
1147408331184713729
1147560828905783297
1147871867732205570
1148218752183312384
1149313860622585858
1149509730961973248
1149685031650172928
1149849537848074240
1150318575749488642
1150554952818819074
1150754047374139393
1150784351405109248
1151190635669422080
1151296733206286336
1151412855167574016
1151583864160018432
1152567259501490176
1152579780996411398
1152582450943582208
1152753444588937216
1152992863157936129
1153262481609019392
1153264581575237632
1153321953924538368
1153586282867486721
1153722182
115442677
1154815260
1155344120275263488
1155443366982631425
1156177149331591168
1156410835255713793
1156427099806109696
1156757319394349056
1156946866308812800
1157057179469225989
1157132557
1157443681844105217
1157627752062709763
1157659191894401024
1157831175018336258
1158320760462696454
1158564057303179264
1158600783174107136
1158783549702414337
1158863163812536320
1159023826539180032
1159255386873950208
1159319314136088577
1160097498511360001
1160181927187324929
1160389012198232066
116057411
1160696085968388096
1160834471987425280
1160835605422432256
1160938839285698560
1161455977457049600
1161869655453007872
1161961085324468225
1162387790736195584
1162521224603459589
1162790990026985473
1162798396756807680
1162882417511796736
1162916455853068289
1162928358818308096
1163290541540311040
116345289
1163487631
1163911957214367744
1164178096209068032
116440928
1164433160286953472
1164471801847545856
1164520645406756874
1164712693279813632
1164870962803855363
1164911348016275456
1165313602405797888
1165422812342845440
1165758381014966272
1165774682798223360
1166216175153319936
1166590795354386433
1166792033920401408
1166982492928110592
1167110847233167361
1167343154594369536
1167521257593757698
1167525069314084864
1167854156633133056
1168031857813774336
1168469804333666304
1168517535899238401
1169062342799159296
1169177964593836034
1169220512418893824
1169261975638953984
1169501101508349952
1169581739234062338
1169703880382451712
1169791423505293312
1169962685397635072
117077459
1171020657389387778
1171025449532547077
1171098544738045952
1171161584
1171342265240838145
1171870281956114433
1171944479458070528
1172240855245017088
1172265168677457920
1172294813250539521
1172298755606843393
1173084762342223872
1173466915
1173555111055912960
1173746489719287809
1173983184045797378
11741352
1174595054049976320
1174943970066976770
1175022275344470019
1175247629372055552
1175275137601458181
117543420
1176733929321185280
1176940307096555520
1177264627
1178619187398234113
1178649921005740038
1178718742399684611
1178889156270813184
117918216
117950203
1179691397508730880
1180290681530732545
1180360327252328448
1180514862608183297
1180754736120680448
1180958532826488833
118169394
1181833705494417409
1182132748225433601
1182284262676013061
1182647418661171200
1182695364668747777
1182832254
1182969508207579136
1183459452411756544
1183574942144745473
1183769860129427456
1184522640024723461
1184840757968023553
1185119858440065024
1185214996344496128
1185245096
1185343521223372800
1185378680781934592
1185919329600061441
1186278131860033536
1186474586851790850
1186563994108256256
1187446260489424896
1187722642528362496
11877322
1187951380734058496
118838969
1188825314
1189085048714092544
1189667246672633859
1189891242647121921
1190096586610597888
119107923
1191318301017825285
1191333999785971715
1191697310998155264
1192011541958184960
1193489078
1193517280199503872
1194338827608973314
1194373933115564040
1194403028876455937
1194523346433646594
1194708624892977152
1194905987557330945
1194995520155996162
1195054029795188736
1195918631286145025
1196007570
119600892
1196388845471711232
1196469097506099206
1196722925786677248
119714092
1197450659752284161
1197482522252214273
1197632233416220672
1197966357586837504
1198091177045549056
1198110626674925568
1198291130984620038
1198301743894999040
1198837480759287808
1199000687184531456
1199099367896027139
1199319322998591489
119969591
1200150289023721472
1200649910909059072
1200686616509132801
1200785203121098752
1200867625963704320
1201018171815186432
1201236420
120169599
120180668
1202081186606190593
1202427473599688704
1202469287702626304
1203085175074279426
1203157306940125184
1203793481585573893
1203867585256669185
1204236185637474309
1204347004391837697
1204379957620658176
1204403159956783104
1204760639354261509
1205226529455632385
1205462056842887168
1205920964355080192
1206458330559856640
1207120078887624710
1207228530452385792
1207529447831810048
1207563413443862528
1207870392418930689
1208048532629811201
1208114792348569605
1208318347621724161
1208810933348225024
1209128409940385793
1210204875423809539
1210351414452588544
1210854754491879425
1210998178197065729
1211131159645581312
1211275473944137728
1211297095174385665
1211872765969489920
1212558927163875328
1212631782111105024
1213034429393723393
1213108540019073025
1213523558485282817
1213703522392272898
1213719592880594944
1214034923322925056
1214306524106911744
1214355699930583040
1214416235997253633
1214451766231584769
1214964460693049345
1214985578636333056
1215216489982128130
1215285243051151361
1215520425301512192
1215816955338186752
1216240641568436224
121645226
1217265040270729216
1217296599954722817
1217341215319838721
1217850041387319309
1218079730164883456
1218108726306951173
1219150035784388608
1219254504488464386
1219474420286345216
1219490484877291520
1219576187191562241
1219834788330135552
1220182678537789440
1220223079831355392
1220227886252089344
1220285243804082177
1220479149510397953
1220760735111729158
1220870608034156544
1220929813185269762
1221092450086850560
1221161749
1221170980896280578
1221242033530195970
1221575274808008705
1221704160967421952
1222016476070072320
1222194809475080193
1222298170350112770
1222326475421995013
1222403117704105987
1222501662591311874
1222607793678475265
1222816169121312768
1222898697010200581
1222903232629899269
1222985426010460160
1223098898576576512
1223299478012084224
1223410258955075584
1223551708204294145
1223659630351372288
1224052015828959232
1224206242547003392
1224213085675827201
1224322680930746375
1224577429139681280
1224622624237441027
1224800396415262720
1224945275246014464
1225090204228210688
1225313615533576192
1225342045448916993
1225571232977969154
1226023798639480832
1226132219384586240
1226151197876391937
1226218677495726080
1226276206955286528
1226355408291258370
1226438155185704960
1226492548262154241
1226569234978787328
1226697260316053505
1226738477506560000
1226910906963156992
1227241841155723264
1227508611514949632
1227675362223644672
1227748364558561281
1228118609576128512
122847863
1228578551164628992
1228833602672177153
1229021824295399424
1229103494684172288
1229280152326033409
1229383542293123074
1229501802594193408
1229615351089987589
1229661196116099073
1229763220581171200
1229773846179434496
1229813319176986627
1229817192687923200
1229955949
12299932
1230186576749191177
1230224236561813505
1230541997611593734
1230689995570073603
1230771767100100609
1230793880154431494
1231256584526807040
1231764867318632448
1231853017600872452
1231950286467616768
1231996493768224768
1232261188894916608
1232285789511241729
1232315290349797376
1232773108496502790
1232779068472516610
1232892721641058304
1232944804767485953
1233050683126861824
1233066991726014465
1233178156724604934
123327472
1233886477425074176
1234115521215205378
1234147385888002048
1234169442352812032
1234304795315294209
123439727
1234663229223104514
1235121228857266183
1235653648216178688
1235902438218948608
1236095999308746753
1236203959280218117
1236320665847939073
1236485610333859840
1236754205857251330
123682202
1236945565436350469
1237088283026264064
123712664
1237173750056898560
1237401581303128065
1237458092150812672
1237558342874062849
1238299658503385093
1238329676243730433
1238338474899468290
1238604847991140359
1238650397566386177
1238756006953287681
1238800740639846401
1238856710871306241
1239163485197492230
1239223760
1239318310946091009
1239452357030805504
1239506239001952256
1239736096646238209
1239743539724070914
1239878780442890242
1239895063351554048
1239974787889410048
1240115290157047809
1240238663100841984
1240247692158099457
1240459098593701893
1240459517655003137
1240736322228064257
1240922782956838913
1240941577
1241003280186015749
1241236353456562176
1241239968191741953
1241241172376346628
1241361103877267456
1241402073104580613
1241451099728592897
1241569482037792768
1241609482167152641
1241709256815984645
1241758872244641794
1241764729036476423
1241908741852839937
1242195918515875840
1242287068086067200
1242353669573615616
1242426083250556928
1242862151074807813
1243355748731584518
1243499781252698114
1243560408025198593
1243836654084907008
1244139525766393857
1244586278579929088
1244604173892513792
1244606938203095042
1244632926391689218
1244879256959643649
1246109792
1246200724469485570
1246328451868397568
1246471877024829440
124651796
1246630046766268416
1246821274719899648
1247040005593124869
1247448239223083010
1247471282146295809
1247537322108698627
1247698911017525249
1247767434750128130
1247781500159791108
1247799594034982914
1247830815607681025
1247904149691183106
12481332
1248259149642625024
1248315945841340416
1248331181000495104
1248397735520276480
1248479136458240003
1248522450419077126
1248914241869869056
1248939601269379072
1249826552864321536
1249883656816144384
1250060869544919042
1250063584186576904
1250280321385254912
1250381934112407554
1250615355891998720
1250835635625066497
1251195092
1251352333344051200
1251461831056453633
1251466838782775298
1251474186645598208
1251811770844319744
125188513
1252121281
1252387416289112069
1252440520476864513
1252646320847958019
1253183148
1253245004379754496
1253380137501880320
1253923131363700738
1253966021095915520
1254412448
1254753921718841344
1255059493911588864
1255467930793455616
1255735689800531968
1256091238932992000
1256433864496410624
1257104698403774464
1257116885776166912
1257452046661238784
1257472779579949058
1257707132171907074
1258027047647133696
1258258728
1258664450690707461
1258902389710413824
1259149958810394624
1259247633454915584
1259945579737563137
126006861
1260091269600038913
1260589304830586880
1260641373604114433
1261103580032856064
1261745320544727040
1261869659340537856
1262005390805356547
1262653785135919105
1263037648794353664
1263296470624563200
1263333369968025600
1263907621368553472
1263916376965566465
1264119626
1264581389242044422
1264873674424885248
1265077079457980416
1265120694393683969
1265467649233842178
1265761679947771905
1265891933085466624
1266088853414113281
1267110304346828801
1267324347963674625
1267345538271178753
1267953470658752512
1268433350789705728
1268652679917600768
1269037616416120832
1269098474617942016
1269183025473966080
1269285177013878784
1269636380805611521
1270201785110716418
1270219883154829313
1270599529314676736
1270652672354381825
1270673500664020992
1270834518606467072
1271179625792589825
1271352971582771200
127180130
1271811115886891008
1271976202715054080
1272340922064199680
1272827834235531267
1273016158535454723
1273328766652203013
1273716460519555072
1274372075591839744
1274543835612434433
1275280081015861248
1275880460778799105
1275979192790847489
127605667
1276176839870779392
1276361137827823616
1276789232023945216
1276799605917638661
127770294
1277799868891889664
1277821472426385408
1277994783328305153
1278035540898508800
1278634966289702912
1278983061854715906
1278985508538822656
1279400697205714944
1279494541158920192
1279591793370099713
1279609860074553346
1279947148709240832
1280022991821144064
1280392763591266305
1280556604618715136
1280781382210318336
1280951991011700736
1281020563268354048
1281343922153775105
1281506858067361792
1281522238227746816
1281796375085117440
1282115821200957441
1282481110673489922
1283233598259093505
1283407691138793472
1283789459675176961
1283802245595791362
1283826085478625281
1284401422105227266
1284532222939344897
1284629627428732928
1284833965271126016
1284853672095039488
1284911545848221696
1285424856729743360
1285870352183160832
1286046422085693441
1286079236650893312
1286216530288492544
1286432251169792000
1286571955521380352
1286651826238976001
1287258532027478016
1287530880
1287824867681685505
1288509929322684416
1288726722028777473
1289228762798792704
1289475333801025536
1289710791537516545
1289847811991695360
1289901314143592448
1289952973628542976
1290470453186891777
1290483104889491462
1290529566167982081
1290792062
1290826106333835264
1291006317436514308
1291140466386190336
1291215119913873409
1291893933035810817
1291920371952652289
1292038258000568327
1292136490512855042
1292641847358173184
1292733768390737922
1293215805539143683
1293471939260948480
1293945046081757185
1294858782707552257
1294870813942747137
1295015458119319554
1295420039735246851
1295432399359078400
1295444835986374656
1295525457828298752
1295573950735425537
1295879318128607232
1296007693841227776
1296120121027690497
1296234933438918657
129727902
1297457068413247488
1297562740786069504
1297983808197648384
1298105523225518081
1298280133149696000
1298612988182659072
1298821489496428548
1298982578628648976
1300137387264282625
1300806890633400320
130098803
1301545070957531136
1301625819505201152
1301756677272694784
1301830789160525824
1301856593873571840
1302046533450252289
1302120356321226752
1302199555899891712
1302369270098255872
1302574595166277633
1302813428357054464
1303324044557598722
1303451460269604864
1303956748147982337
1304248608024227840
1304288459763277824
1304333192372027392
1304723076613980161
1305173487972052993
1305353990196965377
130557513
1305923324107583488
1305948000150269955
130617778
1306222682787119104
1306443166497697798
1306512871254183936
1306575415218065408
1306791786577354753
1307053711399690240
1307307883437015041
1307693921137377281
1308017656344190977
1308250143636901890
1308828256389431301
1309143786824622080
1309143993331179524
1309365994843000833
1309488766332153856
1310065151907975170
1310177605463814145
1310411581029834753
1310606080515485705
1310781555334234112
131147929
1311726824347426816
1311923911722844160
1312212197150351361
1312268203158958080
1312386859687796736
1312484204601585670
1312677716349517825
1313412452974034945
1313521889587990531
1313531323089252353
1313645499904413696
1313681926461501443
131378911
1313865889205284864
1313867776625307648
1313991573273600001
1314185043015659520
1314292212717424640
1314548606771191808
1314757207397863425
1314997674446409729
1315249848367476737
1315461542394032128
1315488072427958273
1315758093699960832
1315812764493864960
1315844555522994177
1315906029490765824
1315911625216581632
131605984
1316573094
1316582961110642688
1316630330019782657
1317316176431575042
1317394530593763328
1317441008989331456
1317841102146326529
1318186770203250689
1318244668900057088
1318256596992970752
1318366054205202432
1318685401704521731
1318797233135919105
1318965618889183236
1319173745655898118
131937772
132130976
1321646943152472065
1321653570429546505
1321727051502669825
1321833558395310080
1321989357297807360
1322014788394909698
1322594683302801408
1322701755818233856
1323101635803967488
1323521297364799488
1323537514779607040
1323730225067339784
1323920898106126336
1323930786559528961
1323999262980493313
1324044090573529089
1324223431705964545
1324230510348963850
1324255156402229250
1324348869640134659
1324521303815147520
1324531948107100160
1324854368177328128
1325011030078992384
1325086778647261184
1325189563770310656
1325267794942816257
1325642080220291072
1325643677054726145
1325768889230262272
1325989108787761152
1326252843695747091
1326277849
1326336789087473664
1326653677
1326657418810413057
1326697319949950976
1326718780077207552
1326783666505330688
1327008587546304517
1327031529730523136
1327033152456384512
1327229812339920896
1327287173352206337
1327580438370549762
1327614227251531776
13280482
1328055791769837569
1328117130483601415
1328126597228941312
1328666291096354816
1328951538
132900663
1329040130791723014
1329327267105759232
1329419027555504128
1329835112750411776
1330306117893812226
1330384737328914432
1330415103662043138
1330457336
1330499038819606532
1330547744
1330676163845320704
1331000449
1331412551045935104
1331426535161487361
1332330705418915842
1332479271873306625
1333154439083880448
1333255303375175682
1333524896614256640
1334427760849080326
1334570860800172033
1334612231418331137
1334801937116479488
1334845338130108417
1334969357927993344
1335940743408447493
1336411206232526850
1336522329401135105
1336818179713036288
133718855
1337312006127276033
1337317982351937536
1337354967208914944
1337521019595018241
1338267715123826688
1338647250
1338890459754635264
1338897353541967873
1339029023993815040
1339093221285085184
1339175088696872961
1339835893
1339914984197918721
1340048645161291776
134022397
1340413583910309889
1340673926393778182
1340768484884697098
1341010199243497477
1341345427
1342166821361750016
1342934654
1343432390509674496
1343506370708951042
1343658047873290242
1344040427889029120
1345443767524974592
1346221968920612867
1347196750361194497
1349376805
135095635
1351621880
135227570
135426987
1354789526
135725534
135973679
1361397804
137058489
1371751764
137411580
1374510072
1374546901
137466464
1376880757
137689074
1376963929
138203134
13829492
138424320
139147097
1393013035
1393632060
139398465
1394399438
1396221313
1406782879
14075928
140912249
1411787467
14137346
1416005221
14169130
141765248
141785419
142013645
1421983668
1423095151
14247236
1425357140
1425506646
14270650
14297863
1433038244
1433389405
1433584772
14393588
14407810
14431842
1443208776
144358189
144409339
144415743
1447313125
14491731
14511951
14529929
1456696076
14578068
14581421
1460883186
146379403
14642495
1464258942
146763353
14677919
147055263
1471919138
1473394903
147431101
1477233895
14772775
1477345524
14782491
14793475
14794308
14800270
1484296250
14851800
148529707
148593148
14859598
148653311
14889757
1491196736
149540192
14961549
1497375044
150078976
150446676
1505892727
151022792
1510462172
15110357
1511076493
151167283
15118542
1512456920
151529886
152165941
152214724
15234760
152489011
1527008941
15296631
15302510
1532697158
153467387
1536791610
1538513520
15390983
15394601
1543986138
1544131296
15441965
15444285
15465277
15524713
15537302
15561456
15568127
1557052873
156004506
156012476
1562214102
156264255
156364552
1573241574
15745368
157618514
15764644
15766082
1577800200
1578079981
157930079
15804278
1580521760
15808765
1583911
158414847
158426909
1585005193
159228759
159334623
15952856
15975634
1599735896
160016604
1601037577
160122327
16017475
16020848
1603346918
161219414
16129920
1615180062
161590330
161593305
1620522714
1621721978
1625692940
1629151310
16303106
1633129664
16334857
1635732589
16378486
1640929196
1644017510
164925203
16513335
16606569
1662312968
16669517
1670282173
167589694
167647447
1679837802
16843938
1685628510
16857393
16863729
1690724724
16955517
1696943148
17004139
1700475206
17006157
1701128784
1701222054
17030031
170628583
171093517
17174503
172117907
17304363
17336423
17371922
174676264
17476186
17507296
1754641
175628008
17575413
17589858
17595489
176141562
176915053
17697242
17698045
177333933
17750214
177907979
17853818
17861157
17919972
179513181
17967304
18014364
180315119
18038109
18047641
180688708
180727930
180809936
180894720
181563415
18181460
182384840
182420184
182489229
18279928
18325594
183767243
18382184
18385450
1847715330
185047940
1851444230
1852612722
1857961050
1858882886
186538932
18678924
18686907
18708561
187289134
18756887
1877543539
18798768
18824096
1883103990
188675611
189205564
1892706030
18937412
18980760
1901542310
1903105045
19044528
19084896
190910368
1909532450
191197540
1917337753
1922335764
1925092933
192814151
1929005965
1929685309
193941195
19407053
1941916621
19502995
195298750
19546277
1956085003
19570960
1957864790
1960496034
196077091
196498793
196875435
198266806
198532943
19897013
19955724
199581556
20002401
200145063
201063126
20131383
202475401
202526051
2025651
202618004
20319380
20402945
20479813
204832963
20488142
20514822
20515874
205163859
205475724
20562637
20609518
206250589
206461488
20659868
20682523
206915771
20693506
20702508
20778955
207892385
20835089
20844980
21003412
21059255
21071139
211476037
211568725
212076446
21252618
212849570
213114299
213223459
21328656
214197370
21431618
21457504
215181085
21522338
21551156
216004950
2161742911
21619519
2164124935
2166100746
2166124192
2168985083
216945365
2170324314
2171891324
2172596028
21736987
21748340
2176589150
2178472822
2178621
2178681566
2181831853
218402540
2184309036
218576168
2188181552
218975278
219207253
2192472720
2192550710
21931396
2195193829
2195230567
2197169268
21980815
2200735681
220263968
2203693226
2208816666
2213298714
2215063776
2217628038
222000385
2222320670
22239809
222713407
2228878592
2231655096
2232288685
223356886
2233606307
2234159460
223698699
2237314158
22383686
2238821810
2239431194
2240564550
2241880346
2244101
2245289316
224546817
2247908150
2248407074
2249531
225164521
225265639
2253376069
2256215671
225921757
225955620
226222147
2265449154
226829485
22699583
2270520333
2271998418
22744665
2276077911
2276974058
22771961
22782754
2280844826
2288483209
228991021
2291623266
229246713
2294800215
2298767612
230371745
230372352
2303751216
2304754734
2306105924
2308401584
2312252810
2313191918
2313400994
231638455
231813109
2318676117
23199696
232268199
2323448533
2327229389
23277359
23281108
23282083
23300877
23338829
2334896479
2335120820
2342166475
2345110518
2346824538
234705787
234756274
2351970810
2357297012
2364085766
236675104
2366798996
2367237132
2368060290
2368699262
2375098634
237641456
2376573084
2378189708
237845487
237859085
238032321
238152686
2383350132
238519301
2386967010
2388765331
2388985585
238911107
2389111465
2390277919
23920630
239246288
2393405364
2393878881
2399405414
2400763610
240111939
2404874858
2407257446
2409121141
24118952
2411954377
2416236854
2417077997
2418200700
241962384
242216281
2422696350
242307379
2424038424
2424352495
2426642046
242837922
2430118068
2433598489
2438714857
243983947
244870995
245955071
245992660
24638151
24648767
246720608
246747388
24676937
2467791
2469781297
246991499
2472105458
2476237801
2480476526
2482275912
2484814034
249238206
2492419531
249451380
2497635672
250248981
250310762
2503458879
25053299
250690905
250987362
2511657324
2512680439
25127244
251348038
251485380
2517132932
2522365712
25231825
252664010
2529168013
2530478948
253065158
253447466
253463504
2536024284
253712142
2537230819
2537944014
2539102904
254148157
25452356
2546282706
2546361456
25476465
254915054
2552358504
2553690156
2555393760
255626403
25567910
255748124
255812611
256154569
256322730
256345985
256385901
256396286
2566125248
2567142144
2567370855
2569423226
256957159
257336146
2573480784
2575227221
257737354
257814158
2579571584
2580040213
2582394085
258328547
2586818533
2587010202
258783789
2588922474
2592280771
2593676778
2593846663
259395895
2605549418
2607477583
2608779276
2609580763
261117792
2611948004
2612416446
2612505342
2612945558
26165558
26210895
262258106
262503484
263472219
2636515794
2637792486
2642826278
2644318698
2651545021
2654374850
2655490550
265637984
2658497472
2663366004
266379957
266398523
2664185024
266564649
2665677920
2666705458
2669647459
2670104188
2671983035
2673996972
2678961889
268799594
2689646430
2691373921
2692311186
26985403
2701123573
2701232437
2701639970
2706638143
2709151675
2709374167
2709981192
2712547444
2715787904
2717718419
2718779163
2721900630
2723958206
2724355182
2726117502
2730810504
273614046
2739009416
2739264216
2741825815
2743290369
2747992843
274870950
275794573
2762185518
2767642101
2768771570
2770007341
2776406214
2776707199
2776811438
277758581
2778960870
277994746
278124059
2781753666
278175882
2782866446
2783231383
2783911613
278473027
278556943
2788078109
2791144568
2791609875
2793278459
2794955749
2795838585
2800581040
2801481
2801520964
2803686854
2804193019
2805716300
2807571475
28140646
2814511351
2814533623
2815718343
2818945987
281950138
281958519
2822784074
2825004938
2825686706
2827392374
2833038248
28337697
2834620993
2835216920
2835459661
2835792883
2835962353
2836095738
2836421
2838466226
2838541999
2838662525
2838701383
2840368244
2840534281
2840563385
2840584901
2841461445
2841634292
2841841124
284489378
2845226005
2845920547
2846204839
285003303
2851966940
285217524
2853407766
2854782649
285619473
2857687129
2864374634
28652796
2865808525
2866808016
2868558743
2869072814
2869284729
2869929692
2870248681
2870395501
2870445871
2871181656
2871222871
287173766
2872638378
2873656627
2873834240
28745526
2875156099
2876041031
2877664148
2877833533
2879253432
288093017
2881563379
288277167
288327853
2884428518
2885060655
2885813666
2889570318
2890287622
2890545583
2890891800
2898739356
2899326530
2901390852
2901859646
290453309
2904597542
29073919
2909223236
290948601
2909771682
291758386
2919324085
2922928743
2934602791
293609494
293616314
2937304934
29394073
294073108
2942421722
2943231770
29442313
2944739338
2946251128
2949261587
29501253
2950731713
2958721279
2965862417
2971040783
29720390
2974353505
2974742145
2976979116
297841242
2982458390
2982909290
2983132220
2983250529
2983377000
2988756274
2991965683
2996337709
2999024310
2999101620
2999132166
3001691374
3004677246
3004915879
3006797690
301033926
3012254605
3012855283
3015715071
3016344141
301922674
3021460584
3024717649
302472403
3026990185
3030330028
30313925
3032486100
3034650230
3035017635
30354991
303898942
304679484
3047383454
305005061
306009218
3072241476
3075224052
30753402
307594362
307751357
3081210832
309282144
309883487
310284898
3104685276
3108351
31096431
310982611
311002702
3115447974
3119100420
3120491751
3123133243
3124318426
312452761
31249949
3129827545
3133968344
3138340368
3148242074
3157904365
315999912
316217357
316389142
3165070819
3166688491
3180365820
318320851
318560226
3185704313
3187476859
319060304
3193291838
3195382448
3196373198
320273981
321922516
3219517995
322364424
3223940743
3227767924
3228181391
3236158314
3241165531
3243545485
3245275818
3245436538
3247695199
3252399535
3254440417
3264843625
3268629186
3268886676
3275306442
3275345330
3281615898
32860737
32871086
3289031318
3293272981
3293935120
3296807162
3300223418
330777340
3309052800
3310436525
3310708874
331389228
3314613277
3314775459
3315549358
3315651194
3316393026
3316559281
3317462392
3319244897
33194901
33208714
3321285650
3321405736
3321720337
3322910782
3324089362
332460801
3330976992
3333517959
3343931475
33803348
33841078
33893431
33919343
3399477107
340373679
340878876
3409854129
3410302354
341603423
34166406
34180269
342030514
3422200392
3422748430
3423902211
342863309
34295440
3432419679
3434713873
344851132
3450461480
3460514423
34713362
351680236
352018219
3523586772
3527049854
353127666
353753243
3549106463
3567240680
357578044
357606935
357622815
358020047
3583117577
3588648560
3590602101
360685668
3608637253
3616579039
362002069
362028861
36224991
3623414838
362866935
363708415
3644915056
365216346
366411743
366505178
36711022
367729191
368098102
36942007
370360107
370527648
372536101
373708877
373738865
373772805
373808996
373899548
3740951432
374307433
375662595
375837049
3766656014
37666984
378977261
379009358
380232995
3806076148
380747179
381448879
382788364
3830715928
3832212335
385325537
385443522
385738629
38576234
3880593303
3881306473
3886657632
388989186
389763826
39000115
39000543
3900283394
390071774
39065161
392378176
392802296
392867323
39384517
39416218
39441859
394752952
3949525095
39686404
397160583
397606463
3976292660
398274120
3986838797
39911306
3994223294
39954423
399724223
4002815719
401126740
4023113056
403076277
4031203512
4031494879
403838966
4041061163
4042530160
404422077
406064643
406171334
4068242773
407139111
407568261
408602579
408632253
4091551984
40931973
409486555
409565872
410493140
4106711957
412565405
4125764061
4128007812
41328421
41361202
4136193312
414603593
4153412532
41637489
4164544823
41653950
416875331
418664443
4189754807
419497011
41986513
420461310
4207961
4211625232
42218583
42341334
423877616
4244838204
4246436054
424745485
424954047
425075437
42518865
4253200348
42653859
4285584614
428748931
429531188
4295799012
429835380
43042781
431638890
432329370
43264604
433629612
43489668
43498372
435020266
435232010
43563481
435863252
435954378
43636550
437350762
4375955114
438435013
441574535
44186175
4423512613
44358736
443675148
444211741
4443703632
4454486426
44601297
4468083076
447060908
4481123058
4486147413
449152753
45009355
4510363514
45309866
453250054
45340156
45358339
453966356
454099919
4541535439
454343140
455059255
455288410
45541361
45635727
456598384
45736049
45817623
459872442
459941410
461588499
462629877
46327296
46336815
4643528294
4653944131
4659743839
466305714
4670239231
4671872198
467280370
467649535
46775436
4677851394
468071290
46832648
469152439
4698212972
469838977
4704706922
4706984342
471677441
471697554
4727348844
473033583
4730381237
4742602693
47427489
47431975
4745404262
4745857944
47513359
4752644472
47556937
4765963874
477589406
477622524
4779322537
478457634
4788712574
4789028773
479521132
4795935616
479938250
4801334776
4802609065
4803380659
4808383796
4810646652
48200475
482092987
4822469775
48284015
4830758499
483115885
483338282
483490176
48439042
4846399040
4848318934
4850477473
485229917
4856827617
486222944
4865815431
486611426
4866522269
486665766
487075557
487106011
487211308
487890648
4881025573
488250191
4886423174
4886979326
488757811
489397573
489990513
490034854
4905564150
490561937
491021894
4922881309
492294253
4924573592
4925188717
49317314
49324291
493714995
49498415
49506732
495135326
495136036
49580825
49693637
49730238
49827108
49869856
49872331
49879176
49913
49914789
49938291
49960188
500557299
500637577
50197761
50270379
50316228
50317463
50446226
50554599
505689016
505773371
506160807
50637883
506849493
50688511
50697875
50870602
50968285
511049563
512682400
512821999
51307885
513569556
514188115
516187998
518346736
518643511
51984050
520896876
521747968
521834444
522884617
52339266
52801372
528245936
52879377
53074745
531271311
531283465
532084442
532117886
532283423
532437455
532804409
533148025
53345209
53351173
53697290
538512480
53924267
539651832
5397942
541580710
54162730
54163405
54209194
54513191
54588016
546277138
546383997
546410880
54795395
548426313
54922399
549827589
55132482
551414365
551553247
55157413
551902693
553036368
55417530
55518743
55537948
555822333
556100652
557790775
55859816
558723995
55948054
56007874
560124403
56054184
560848193
561614782
56277041
56280619
564873246
565498274
565504664
565516984
565957154
566136491
56689536
56891825
569975235
570929948
5709522
571736769
573757199
573812444
574189595
575171712
575238741
5755952
5763262
577413610
578912092
5804942
580762302
582773061
5828542
584251067
585612403
58702260
587107649
58779070
588512202
588545201
588851395
589310558
59145948
59157393
592519287
593083194
59331128
59364291
59557174
596242525
59698509
597985220
5988062
599935747
600932445
601191471
6021402
60218483
60256462
604405486
606274415
608324363
61393102
616918190
61734492
61740705
624413
626123119
626971021
630314517
633617043
633823236
635454575
636730889
63930715
63962829
64657863
64911650
65371347
6539592
6570862
65711907
66107519
66369181
67130371
6729132
67358777
67661086
67783457
68057790
68238610
68408747
68473090
68679736
68741389
68892292
69554076
695966379065942016
699096695238320128
69956580
70048625
700847894232846336
700862558455013377
700915044372996097
700971593153904640
701220381382811648
701645810707079168
702314430
702406710
702687941395480576
703109746623053825
70338343
703918320949460992
7045232
705126422
705145191922065408
705632003941478401
706008984432414721
706301516878094340
706358573178167298
706628323833724928
707409914700783616
707801534155919360
708463786164920320
70852847
708911938646835200
708953158064562176
70905304
709075170456002561
710113383870124032
710347861888610304
710451333183250436
711025252999012352
711477319177793536
711718554232442880
711830610
712105820696121344
712515283504775168
712647968428584960
712827516755443713
714371927788417024
714477321953140736
714903816
716012789211533312
716605023451348993
716622552936935425
717071625011728384
717706514312601600
717993034781044736
71828119
718406712697290753
718595033960566784
719095800782053376
719186337132363776
721944700685393920
722256240043102209
722347367182299136
722473289604419584
722666497261379584
723083973480472576
723495666
723691388
7238822
727751711071318016
727901075513049088
729552929615548416
730328276
730771568855388160
730934936035852288
731167584
731307697744674816
731342958
731976973744922624
732363
732454106
732914286834540544
733280853028175873
734403462117662720
734410980
735111193363251204
735141968867655680
735341020662136834
735343541325594625
736131566934458368
736207142709923840
736279751036264448
736375262456078337
736634060613779457
737496030178988034
73754019
737766298403233792
737929510218170368
738901846069104641
738908160518459392
739211684380823552
739346736242692096
740568642069270528
741620732715630593
741629651987005440
742143
744434172370911232
74508260
745300643888300032
745667903110799360
7462702
746364660736155648
746868811870023686
748207943385030658
748701696977608704
74949392
750383488952565760
750713
750875388839157760
752546284863533056
75294633
753148687803641856
754179475319816192
754418569
754461482750881792
754521482873614336
755677202
755769947368808448
757602066172776448
758875016243011586
759049819251875840
759349285
75949957
759752586127900672
760394129347981312
760771815304155136
761031278468534272
761166441655640065
761167885720956929
761375614704111616
761809217707585540
762355285
762678927538032641
762680070
763852824685875200
764517146218995713
764837830283571201
765120120041639936
765546898426040320
766628581959094272
766659862189121536
766749121957027842
767788995962998784
767974569772736512
768187907869777920
768646391857975296
769019720699940865
770661570716336132
770800181856051202
771533677335416836
771782178950832128
772455859
773388043642339331
775491486964191232
776094591975985152
776292172073054208
776601745438887936
776606828272553984
776950550562832386
777175478
777845804727840768
7778682
777950823364124673
7786612
778953917962989568
779048016099610624
779481169138110464
779611321973125120
779712444553912320
77978391
780206406024691712
780571031593291776
781226534552031232
782407465723895813
783593093316489216
783684620080467968
783792992
784575415457308672
784890784273215488
785355551521673218
785699699911077892
786309892990574592
786974424616411136
787048652799868928
787308862114258944
787392577
789100677297340416
789293112
789683160
790061504229806080
790166265927045120
79118626
792047883486978048
792514338355425280
793113571911569408
793312087904690176
793987783408766976
794287616715870209
79436152
794575561553113088
794835236420866048
796112496595636225
796152080616460288
796307916584316928
796480439451983872
796519865775321088
796657617938550784
796766908255236096
797002079411716096
79743108
797625353875427328
797689858621747200
797830926361210880
797963914575167488
798353602993524737
798480876308807680
799224697
799459776052609024
799497249915076608
80006862
800704496246484992
800704496380755968
8010322
802131927734124544
803012127816617984
803694179079458816
805381295035580416
805582891484872704
805884990
806304970429657088
806481801354956800
807095
807902518873309184
808108063
808322670764888065
808327084355375104
808418022
808513957627457536
808631097638744064
808840399
809166415387246593
809198793186897920
810170518741680128
810279384808460288
810474
810839002827915265
811020296438378496
811067611823771652
811463181130416128
8119452
81253862
81262946
812956442600697856
813286
814429378239045632
8149482
815291194292871170
815306961965068288
815581200802689027
81610656
816485592
816561161000714240
816824541913628672
817239354837827584
817869452473548800
81798155
818022724702531585
818295162740834305
818455926323625989
818658116245987328
818758683379253249
818810926845411328
818876014390603776
818910970567344128
819063528761851906
819247518445928452
819689002630426624
819937051218825216
820481820
820632826957746178
820821942
820965289
821009681212579840
821357936756682752
821475385
822215673812119553
822215679726100480
822496079274975232
822540527912550402
822701969680629760
823325217233641472
823369015393255425
824283006034513920
824476780165820417
824501748840570880
8246752
82541971
825502972087918592
825637535812575232
825792539340873728
825870181679263744
826198968677851137
826408223951294464
826452669367595009
82650370
826712153348399104
82674319
827122668172218369
827191385463873536
827378565557604352
828348270
828575707026518016
829182330069725185
829465923962564608
829492973188612096
829894338528342018
829919263951507458
829990970909286404
830201512076902400
830247985
830327872308928512
830639087711244289
830675402192363521
83158176
832511810246844417
83348739
833512727096213504
833880248546578434
834066324783370240
834081571493785600
834086207944548354
836269664380551169
836652238705549312
836688478431752193
837586063
838028286
838388513988984833
838767775296344064
838958896395931648
839297354326953984
839498099999453185
839540931145543680
839593876360876032
839619279834267650
839873100
839940963178942464
840156787613417472
840423841025343488
840486009003421697
840552120071905280
841055262760980482
841104727983116288
841184711384825856
841772360579579904
84230759
842864379997560833
843016932345307136
843268932324810752
843544123319574528
843742730
844199229492940801
845310299603394560
845341840618536960
845664559746596864
846028736403128321
846695738
847054777083056129
847412662661140482
84756711
84849383
849252051695525888
849478114761736192
849572418536562688
849638296229642242
849682937037586432
850081149409951745
850357806662164480
850616023535427584
851806284558893056
851807701575147521
851827000515805184
851987945007468545
851996147581308929
85207597
852450006032371713
852520495551467520
8527292
852826387928932357
853620330790887425
854608588890755072
854792079641157632
854900764107526144
854961533805182976
855037978216865793
855066065499439110
855127737484197888
855335653302648832
855451621442113536
855756384800878593
855844708450541569
856002548867645440
856019670524076033
856172136624508930
856368765465903104
856400550060998656
856481910440116224
856551969439178752
856568703621713923
856815033275363328
856860239487881216
856871847245348864
856893784105164800
857042687114870784
857074250707947520
857371396002922496
857390848232886272
857618525795491840
857728192542638082
857738490892636161
857756620012572672
857765202745597952
857829343971614720
858118357542817792
858303355818356737
858503181210341377
858511423911084032
858519110594027522
858570397364609024
858670846415560704
859049497
859129257481519104
859357208663826434
859396498529763328
859477701094232065
859582553396658177
859598711554326529
859748606
85984250
860555190
860654500431880192
860751000604258304
860837403140833280
860854682662486016
860971247378640896
861101182181294083
861108127894298624
86129724
861550421281619968
861762468
861811464
861940078486200320
862001529242476546
862025338221735937
862230302583693312
862312603200086017
862383307178291200
86266391
862676575816359936
862872918375772160
862970926337466372
862977115997691905
863062859231657984
863235188892901376
863403660
863411327531794432
863918137070280705
863988438315409408
864093720978661376
864286367806771200
864288179116941312
864323532746100736
864488215
865081606523854848
865084171823104000
865117525423599616
865205871608868866
865266856936054785
865604186380976128
865654096447000578
865786699908907009
865811098238304256
866186992987422720
866214321881104384
866361270416453632
866418295871647745
866787809645936640
866791805702070272
866795788201992192
867004495150030848
867177069368799232
867251263
867657618109550592
868001316596994048
868077247118286849
868115061696479232
868272491935956992
868534484584366081
868610386341183488
868967832335163392
868979471994339328
868981499114041344
869214174177501184
869230767028584448
869263015928930304
869768833690619904
869874904342114304
870082072597090304
870183136176390144
870503050787540993
870514898198867972
870817900872867840
870847666481111042
871397000717017089
871425976957149184
871931901879234560
872054316198014976
872086664960589824
872403579402727424
872744306523553792
873093314920173568
873217588016427009
873581213574864897
873606729887559680
873691671640264705
873702088529903617
873734754595745794
874182176874438656
874394754548731905
874535816990662656
874537506544287744
874848454098518017
874894245215318016
874916178
874978617272393728
875021040186871808
875029068223315968
875143951358902272
875278230361710592
875286214525554688
875306192158863360
875421176981463040
875690608609841154
875978287448702977
876000595336978432
876246827871346688
876269257000075264
876311020087660544
87631438
876392635232997376
876397017798295552
876453313205514240
876592504040169472
87719691
877722265684541441
877780964394643457
877849747846864897
878005558468526080
878081029138808834
878544155575808005
878639162772963328
878848998253056023
879549360136171520
879572938118369280
880203145288331265
880385870645280768
880671006364499968
881070219560484865
881170520510574592
88120840
88129519
881306137794158597
881710594100838400
881743525
882285730780782592
882852978788413440
882896346
883578005196423168
883698206852435968
883979179364040705
884068626160009216
884557768933363712
884618148086816768
885165881063600128
885207055
885321194823716864
885342960950194176
885518357121843202
885579589904289792
885697993634045952
885705033135693824
885719879659081728
886290566324944896
886786129562750977
887113403419942912
887207768112873477
887239547095965696
887361616454361088
887420409464971265
887533052078981121
887587490319740929
887631691627483136
888042559678799872
888132556834471939
88842848
888697390240112640
889631922493771776
889728831241674752
889872097652035584
890033865963786240
890042618264125440
890221523939622913
890407972098031616
890491474130771968
890518088252350464
891164353944141825
891184801256017921
891276364736643073
891506159357632512
89206398
892250261640536064
892931467747008512
892940059
893458306336923648
893505807651713024
89374031
894079340010512385
89421672
894379908511617025
894525041630560257
895279052184932352
89595807
89658016
896587128846532608
897345373110325248
897693333732110336
897693736733474818
897847501843202049
898030952533737474
89820928
898548941909762048
898919036762894337
898956496641245184
89908953
899596073873719296
899925493549608960
900031378451976192
900431752363200512
901144028892323841
901457784495013890
90167513
901952697032744960
902173519739461632
902443899075010560
902461189
902743241400995840
903670216999165953
904203762
904224580688113665
904471776125747200
904509703501168641
904678245823537154
905722062349537280
90578025
906055564362264576
90612507
906171393850486784
906262574026588160
906413970
906511083195813888
906708061158379521
90672322
906920763210584064
907011890534125569
907478426319151104
907678780088561671
907901086408761344
907948449571762176
908043282701213696
908173988093820928
9084072
9085012
908658099279478784
909025018465660928
909218177409744897
910492003359760384
910798559125045248
912087951726841859
912734805724295168
912799753712406530
912884655078043649
913269914005155840
913685228572491776
913735057470234626
91478624
914787040369057792
915529208805212160
916157982508974080
916163845155983360
91620050
916348752
91661819
916909011466903553
917234134359011329
91755643
917946661078364161
917982108626374656
91826854
918397305321013248
918489110192340992
918706842
918869149148835840
919341991087017984
920072332986564608
92045500
920998510312546304
921713797311578112
923053333048414208
923138285500694528
923466275287904257
924167267926941696
924321985642897408
92513108
925142266930454528
925254413605781504
925328951894990848
92562854
925872437035646976
926294086470000642
927043956311027712
928760154
928975584855654405
92927125
929435672087113728
929823128259387392
930277266067615744
93069110
930940797280837633
931877467442241538
932163788182188032
932266547451744256
932913485511401472
933869346601832448
934351548733206530
935066101804699649
935780726
935894379579035653
936726664767311882
93804534
938499859430215680
939091
939116781678952450
939394117364170752
939567017253797891
939780730585989120
940115336032018432
94049313
940594196062146560
940643338595614722
942139728945487872
942156122
942270751855357953
942894651798941697
943088620176658435
943272662847119366
943625814758821890
944343384
944921646212702208
945121491527634945
945243989988425728
945245970794799104
945838652688621570
945860460355768320
946209974606163968
946236879548039168
946259028
946643250013618176
94780640
947948670787473408
948176588733952000
948535468102098944
948570162181029888
948778616061534208
94912199
949171351146807296
950081913330589696
950765514237685760
950905637638062080
950925100638879744
951011928754724865
951397822397493248
951404529903218689
952090325496995841
952110844187414529
952146160084434944
952806834514964480
953319631837577217
953403788324495364
953430597753434112
953542814
953611051622281216
953727101617737728
954060732521504768
954557809412136960
954644144063791104
954971765679247361
954978506076639235
955075611260805120
955678485841838080
95631742
95661110
956964081285697538
957057582
957092924243652614
95722248
957491423506345984
958902687646429185
95900116
959432217515589634
959490496639909888
959535310328737792
959676146001440768
96067960
961120437085396994
961334451254054912
961403308794527744
961500530320306176
96172546
961835507570233344
962061474205061121
962165598212980736
962297043078168577
9624742
962506547925368832
962882229989969920
963790885937995777
963971290112647168
964531903058493440
96453318
964629866472714240
965126394899386369
965318232
96602890
966273145672843264
967777839889043457
967966284355813377
968021558068473856
968051258119475200
968056380190900224
968255243665358848
968754792347721728
968988545313472512
969385874294112256
969435343064723457
96947621
969492134
969523907509157888
969559608581763072
96957329
969783300763017218
969788491
970060666370375682
970207298
970261874498355200
97038439
970407360
97045279
970979518943985664
971188435171053568
971712835762794496
972816296747270144
972847043805876225
973076960548044800
973093328
973125299994013696
973187664550637568
974260520290213888
974534108381458433
974555995354509312
97459927
97489585
975032315565850624
97629176
976731380326400000
976741050810187776
97687837
976959356557148160
97744694
978429212
979014913770360833
979027872965828608
979180613658816512
979358049939939328
979411848
979540523495997441
979814087394652161
980397167679455232
981664996521201664
981748794
982129870858739713
982507478628773888
98284884
982978033819664390
983887814176706561
98392502
98397011
984099410094247936
98428164
984484744229404672
984745226899107841
984994813362745344
987066545800003585
987710133504495616
98834006
988426455737483264
988573326376427520
988700687339999234
988719270220582913
989344445056372736
989518963196420096
990546981721264128
99063766
990910877044953089
991618612698869761
991737511
99209968
992238798208548864
99255082
992707332357476352
992780489814491138
99301062
993259086
993592579
993625649662185472
993629380336234496
993649604393553920
99499640
995349066182610946
995771442523459587
996183627674218497
996846419934892032
99763911
99796442
998015292
999225122
999290327537242114
99929248
